55.20
72.00
115.50
198.80
240.50
144.80
189.90
57.80
93.50
248.80
164.90
61.80
56.70
71.40
67.90
53.70
80.90
79.80
206.50
152.10
117.80
51.80
108.50
149.80
83.50
167.10
189.90
117.90
69.20
108.90
83.20
81.80
107.20
103.60
155.80
89.50
111.40
141.60
135.70
72.90
14.30
147.00
196.30
120.70
4.60
106.80
144.10
101.90
93.90
49.20
193.50
185.40
17.30
81.90
100.60
34.80
53.40
229.50
170.50
84.90
180.40
93.40
135.20
52.60
145.20
154.60
117.20
105.20
129.70
119.70
111.20
173.00
124.00
62.00
85.90
47.50
290.30
220.10
216.80
201.20
243.80
234.40
178.90
138.60
54.80
54.60
212.40
260.80
70.40
22.20
103.60
136.60
71.60
95.20
46.40
49.50
54.00
131.50
208.20
102.60
89.20
99.20
188.60
52.80
43.00
150.40
112.90
146.80
43.60
132.00
191.60
50.60
56.40
54.00
23.00
25.40
78.60
151.50
201.90
79.90
89.20
23.80
149.90
58.90
19.10
108.30
111.80
168.80
17.40
123.30
134.80
141.80
45.40
151.00
95.00
114.30
78.00
185.70
130.40
150.50
71.60
154.10
24.80
89.50
20.40
70.40
125.40
56.40
63.20
137.00
154.80
57.10
23.70
137.60
166.40
296.00
143.40
40.50
219.40
126.60
111.60
75.00
33.20
37.20
52.00
224.20
131.80
108.00
144.60
120.40
164.20
78.60
34.80
101.40
132.40
57.20
53.80
113.40
118.20
148.20
91.20
111.80
114.40
118.00
148.60
188.20
88.80
77.20
98.80
100.80
39.00
36.00
84.20
35.40
70.80
93.60
177.80
97.80
94.80
36.20
119.40
211.80
135.60
14.00
148.80
161.40
83.80
66.60
89.60
34.80
94.20
130.60
73.00
141.60
60.00
66.80
115.20
111.20
21.20
101.40
146.80
102.00
209.80
154.40
212.00
327.60
330.60
51.40
162.20
106.80
214.60
76.40
109.40
35.20
75.60
81.20
152.40
56.80
