-0.905286684
-0.524869648
0.234484951
1.269478456
1.682781653
0.641725873
1.174302895
-0.841521557
-0.119297885
1.759545405
0.890661552
-0.747263371
-0.86824621
-0.537320906
-0.611440924
-0.943047819
-0.348071891
-0.369172958
1.34965878
0.734589276
0.26877425
-0.99197046
0.12723904
0.705650436
-0.298967889
0.916688472
1.174302895
0.270254946
-0.583607056
0.133489978
-0.304579761
-0.330953464
0.106816261
0.049379678
0.780551882
-0.189515554
0.172214396
0.600054321
0.521576015
-0.506326966
-2.466464827
0.670027244
1.243022495
0.311379989
-3.458078384
0.100498957
0.632662055
0.021789909
-0.112389115
-1.061035222
1.213136036
1.125094994
-2.27635103
-0.329059409
0.000482047
-1.500561792
-0.950689685
1.578447984
0.956480674
-0.272960105
1.069515348
-0.121028209
0.51482319
-0.971218347
0.646892354
0.765723538
0.259872472
0.075069829
0.439433856
0.296765925
0.169137954
0.985414701
0.359044173
-0.742664566
-0.254562181
-1.107617045
2.121267572
1.486773164
1.45400567
1.294677969
1.713497354
1.625302471
1.052649363
0.560423775
-0.9152844
-0.92030268
1.40982234
1.86775683
-0.558235384
-2.014573781
0.049379678
0.533690038
-0.533162449
-0.090072453
-1.138399267
-1.052935042
-0.93543623
0.464334529
1.367104405
0.033187628
-0.194867241
-0.022673473
1.160164477
-0.96606547
-1.236995438
0.713227423
0.195170954
0.667465862
-1.219197099
0.471211493
1.192698725
-1.0235313
-0.87559831
-0.93543623
-1.97614625
-1.866628244
-0.392421634
0.727067621
1.301991837
-0.36724645
-0.194867241
-1.938718977
0.706914638
-0.815153758
-2.174268719
0.124107783
0.178356228
0.936649151
-2.270469995
0.349004466
0.509409106
0.602676731
-1.166841785
0.720784757
-0.09349229
0.216414144
-0.404137669
1.128399112
0.44914435
0.71448834
-0.533162449
0.759523002
-1.893249678
-0.189515554
-2.105051535
-0.558235384
0.379011612
-0.87559831
-0.715288186
0.53905723
0.768200106
-0.858486092
-1.943344813
0.547088771
0.908431297
2.168392743
0.623569421
-1.313152595
1.4798485
0.396009543
0.17528715
-0.463668977
-1.557190539
-1.419103601
-0.986761147
1.52705595
0.468462769
0.119403628
0.639139137
0.307004235
0.882333272
-0.392421634
-1.500561792
0.013616369
0.476700726
-0.856053621
-0.940507274
0.202777874
0.274692031
0.685348011
-0.159417658
0.178356228
0.21792486
0.271734807
0.690436954
1.155801684
-0.202021925
-0.419856022
-0.029329795
0.003772207
-1.360500244
-1.459334702
-0.285927004
-1.479819947
-0.549844992
-0.117568817
1.04022325
-0.046050586
-0.096917007
-1.45256197
0.292365908
1.403752684
0.52022676
-2.487140472
0.692978079
0.848788726
-0.293369809
-0.639648706
-0.187734373
-1.500561792
-0.107220621
0.451912463
-0.50427648
0.600054321
-0.789130983
-0.635284193
0.229979021
0.169137954
-2.064117481
0.013616369
0.667465862
0.023421374
1.383441625
0.763244889
1.405777109
2.420052193
2.443158592
-1.002432246
0.858411028
0.100498957
1.431985512
-0.435687078
0.141282073
-1.486704994
-0.45163294
-0.34235129
0.738342868
-0.865801627
